Left:
D = [-0.07329225402159222, -0.04702680910233199, 0.08246734407613301, -0.04606912972053906]
K = [1009.5175174532036, -0.9048261475491975, 958.8390341984822, 0.0, 999.6901520126925, 531.154935630389, 0.0, 0.0, 1.0]
R = [0.9934432503423662, 0.026491926395531704, 0.1112145951979689, -0.024124605212095928, 0.9994539632000286, -0.022578283086107927, -0.11175201014995154, 0.019747234733239076, 0.9935399010345964]
P = [895.7680029079438, 44.774151167904776, 1064.9383506153877, 0.0, -83.47476200949046, 1009.6331255947363, 505.15233492971726, 0.0, -0.11175201014995154, 0.019747234733239076, 0.9935399010345964, 0.0]

Right:
D = [-0.05307434473549565, -0.14761011044582356, 0.19605477815839184, -0.08748932086253632]
K = [1011.9813199925703, -3.993402661492868, 1007.9344883785257, 0.0, 1003.804772687624, 583.4360603684491, 0.0, 0.0, 1.0]
R = [0.9961183476637075, 0.07306323675191782, -0.04909175982849069, -0.07200515238338814, 0.9971392900574406, 0.02298900289243655, 0.050630973504072224, -0.019364907928430927, 0.9985296714985256]
P = [1059.3734102796395, 50.43809351100071, 956.6807453153136, -0.002116681120341632, -42.739179906709424, 989.6349928028465, 605.6546885228588, 0.0, 0.050630973504072224, -0.019364907928430927, 0.9985296714985256, 0.0]
self.T = [-0.5535543399780782, -0.040602074935903655, 0.027280851491148887]
self.R = [0.9856660318382581, -0.04457691925429638, 0.1627125439233807, 0.05069265507262466, 0.9981479978181726, -0.033627803574737034, -0.1609121760523735, 0.041394114574044655, 0.9861002985886987]
None
# oST version 5.0 parameters


[image]

width
1920

height
1080

[narrow_stereo/left]

camera matrix
1009.517517 -0.904826 958.839034
0.000000 999.690152 531.154936
0.000000 0.000000 1.000000

distortion
-0.073292 -0.047027 0.082467 -0.046069

rectification
0.993443 0.026492 0.111215
-0.024125 0.999454 -0.022578
-0.111752 0.019747 0.993540

projection
895.768003 44.774151 1064.938351 0.000000
-83.474762 1009.633126 505.152335 0.000000
-0.111752 0.019747 0.993540 0.000000
# oST version 5.0 parameters


[image]

width
1920

height
1080

[narrow_stereo/right]

camera matrix
1011.981320 -3.993403 1007.934488
0.000000 1003.804773 583.436060
0.000000 0.000000 1.000000

distortion
-0.053074 -0.147610 0.196055 -0.087489

rectification
0.996118 0.073063 -0.049092
-0.072005 0.997139 0.022989
0.050631 -0.019365 0.998530

projection
1059.373410 50.438094 956.680745 -0.002117
-42.739180 989.634993 605.654689 0.000000
0.050631 -0.019365 0.998530 0.000000