Left:
D = [-0.31364453539190773, 0.06584890482939179, 0.00019366417630662888, 0.0007182613412355655, 0.0]
K = [998.016836480706, 0.0, 995.0393176291473, 0.0, 1001.8505816431646, 570.085987687916, 0.0, 0.0, 1.0]
R = [0.9997555600195164, 0.01068582490902482, 0.019355447710575492, -0.010822196588158809, 0.999917252972086, 0.006954658134292357, -0.019279529845678326, -0.0071624265979693975, 0.9997884773161563]
P = [898.9325615636519, 0.0, 940.7178497314453, 0.0, 0.0, 898.9325615636519, 571.9737014770508, 0.0, 0.0, 0.0, 1.0, 0.0]

Right:
D = [-0.30453282482007066, 0.061767531286215184, 0.0005201392226155317, 0.0019083308128333277, 0.0]
K = [990.9572525246567, 0.0, 890.7569478794336, 0.0, 992.6627751701288, 555.5184444961395, 0.0, 0.0, 1.0]
R = [0.9995219115738082, -0.02854963925744492, -0.011868714425328901, 0.02846513681792183, 0.9995686473282203, -0.007228780282265498, 0.012069973892980946, 0.00688747970610725, 0.9999034345143138]
P = [898.9325615636519, 0.0, 940.7178497314453, -114.83955119703917, 0.0, 898.9325615636519, 571.9737014770508, 0.0, 0.0, 0.0, 1.0, 0.0]
self.T = [-0.1276899432111795, 0.003647245521354781, 0.0015162403679308744]
self.R = [0.9987368297287913, 0.03905704725021779, 0.031611580210067616, -0.03949297635948666, 0.9991315284792965, 0.013285090022037465, -0.031065250064216624, -0.014516744081193512, 0.9994119342792185]
None
# oST version 5.0 parameters


[image]

width
1920

height
1080

[narrow_stereo/left]

camera matrix
998.016836 0.000000 995.039318
0.000000 1001.850582 570.085988
0.000000 0.000000 1.000000

distortion
-0.313645 0.065849 0.000194 0.000718 0.000000

rectification
0.999756 0.010686 0.019355
-0.010822 0.999917 0.006955
-0.019280 -0.007162 0.999788

projection
898.932562 0.000000 940.717850 0.000000
0.000000 898.932562 571.973701 0.000000
0.000000 0.000000 1.000000 0.000000
# oST version 5.0 parameters


[image]

width
1920

height
1080

[narrow_stereo/right]

camera matrix
990.957253 0.000000 890.756948
0.000000 992.662775 555.518444
0.000000 0.000000 1.000000

distortion
-0.304533 0.061768 0.000520 0.001908 0.000000

rectification
0.999522 -0.028550 -0.011869
0.028465 0.999569 -0.007229
0.012070 0.006887 0.999903

projection
898.932562 0.000000 940.717850 -114.839551
0.000000 898.932562 571.973701 0.000000
0.000000 0.000000 1.000000 0.000000
