Left:
D = [-0.3289132333257344, 0.07519216776630709, -0.0012195387603278628, -0.0013703984302811671, 0.0]
K = [1030.4729060431991, 0.0, 963.3979517475705, 0.0, 1020.012828383993, 543.0091823247818, 0.0, 0.0, 1.0]
R = [0.9944139252920875, 0.0328824268540395, 0.10029801189141949, -0.029531142119930777, 0.9989607705900808, -0.03471729348846915, -0.10133536811141029, 0.03156144524987404, 0.9943515567159656]
P = [1003.4970958472595, 0.0, 968.7429275512695, 0.0, 0.0, 1003.4970958472595, 574.3121566772461, 0.0, 0.0, 0.0, 1.0, 0.0]

Right:
D = [-0.3305182206955519, 0.07739490937198279, -0.007421217626331408, 0.0003844413384939162, 0.0]
K = [1039.150645719933, 0.0, 992.7769854161569, 0.0, 1027.6793145606946, 628.0890331561195, 0.0, 0.0, 1.0]
R = [0.9916295208272728, 0.08708634298140498, -0.09532503495933357, -0.08386810178760863, 0.9957796547120749, 0.037269568873875177, 0.09816840085494104, -0.028962874988963126, 0.9947482681291571]
P = [1003.4970958472595, 0.0, 968.7429275512695, -583.5315819019952, 0.0, 1003.4970958472595, 574.3121566772461, 0.0, 0.0, 0.0, 1.0, 0.0]
self.T = [-0.5766306104358979, -0.05064053667150205, 0.055431319806379914]
self.R = [0.9786189940370349, -0.048075421795917055, 0.19998404518632595, 0.060128325258605654, 0.9966943113189274, -0.054635467290801966, -0.19669633705673606, 0.06549201175436306, 0.9782746789040536]
None
# oST version 5.0 parameters


[image]

width
1920

height
1080

[narrow_stereo/left]

camera matrix
1030.472906 0.000000 963.397952
0.000000 1020.012828 543.009182
0.000000 0.000000 1.000000

distortion
-0.328913 0.075192 -0.001220 -0.001370 0.000000

rectification
0.994414 0.032882 0.100298
-0.029531 0.998961 -0.034717
-0.101335 0.031561 0.994352

projection
1003.497096 0.000000 968.742928 0.000000
0.000000 1003.497096 574.312157 0.000000
0.000000 0.000000 1.000000 0.000000
# oST version 5.0 parameters


[image]

width
1920

height
1080

[narrow_stereo/right]

camera matrix
1039.150646 0.000000 992.776985
0.000000 1027.679315 628.089033
0.000000 0.000000 1.000000

distortion
-0.330518 0.077395 -0.007421 0.000384 0.000000

rectification
0.991630 0.087086 -0.095325
-0.083868 0.995780 0.037270
0.098168 -0.028963 0.994748

projection
1003.497096 0.000000 968.742928 -583.531582
0.000000 1003.497096 574.312157 0.000000
0.000000 0.000000 1.000000 0.000000